0 21 0 0 0 0 122 158 0 
21 0 0 0 0 0 102 137 0 
0 0 0 40 92 100 0 0 140 
0 0 40 0 97 99 0 0 141 
0 0 92 97 0 15 398 397 231 
0 0 100 99 15 0 397 394 237 
122 102 0 0 398 397 0 46 0 
158 137 0 0 397 394 46 0 0 
0 0 140 141 231 237 0 0 0 
